0 1.000000 1.000000 1.000000 WHITE
1 1.000000 0.000000 1.000000 PINK
2 1.000000 1.000000 0.000000 YELLOW
3 1.000000 0.000000 0.000000 RED
4 0.000000 0.000000 1.000000 BLUE
5 0.000000 1.000000 0.000000 GREEN
6 0.000000 1.000000 1.000000 CYAN
7 0.000000 0.000000 0.000000 BLACK
8 0.501961 0.501961 0.501961 DARKGRAY
9 0.000000 0.000000 0.501961 PALEBLUE
10 0.501961 0.000000 0.000000 PALERED
11 0.501961 0.000000 0.501961 PALEPINK
12 0.000000 0.501961 0.000000 DARKGREEN
13 0.000000 0.501961 0.501961 DARKCYAN
14 0.501961 0.501961 0.000000 BROWN
15 0.752941 0.752941 0.752941 PALEGRAY
16 1.000000 0.501961 0.000000 ORANGE
17 0.870588 0.870588 0.870588 PALEGRAY2
18 0.501961 0.000000 1.000000 MISC2
19 0.501961 1.000000 0.000000 MISC3
20 0.000000 0.501961 1.000000 MISC4
21 0.000000 1.000000 0.501961 MISC5
22 1.000000 0.501961 1.000000 MISC6
23 1.000000 1.000000 0.501961 MISC7
24 0.501961 1.000000 1.000000 MISC8
25 1.000000 0.501961 0.501961 MISC9
26 0.501961 1.000000 0.501961 MISC10
27 0.501961 0.501961 1.000000 MISC11
28 1.000000 0.501961 0.752941 MISC12
29 0.000000 0.501961 0.752941 MISC13
30 0.501961 0.501961 0.752941 MISC14
31 0.000000 1.000000 0.250980 MISC15
32 0.501961 0.250980 0.250980 MISC16
33 1.000000 0.501961 0.250980 MISC17
34 0.000000 0.250980 0.501961 MISC18
35 0.501961 0.000000 0.250980 MISC19
36 0.000000 0.501961 0.250980 MISC20
37 0.000000 0.000000 0.752941 MISC21
38 0.250980 0.000000 0.000000 MISC22
39 0.501961 0.250980 0.000000 MISC23
40 0.000000 0.250980 0.000000 MISC24
41 0.000000 0.250980 0.250980 MISC25
42 0.000000 0.000000 0.250980 MISC26
43 0.250980 0.000000 0.250980 MISC27
44 0.250980 0.000000 0.501961 MISC28
45 0.501961 0.501961 0.250980 MISC29
46 0.250980 0.501961 0.501961 MISC30
47 0.501961 0.250980 0.501961 MISC31
48 0.941176 0.000000 0.000000 RED1
49 0.823529 0.000000 0.000000 RED2
50 0.705882 0.000000 0.000000 RED3
51 0.588235 0.000000 0.000000 RED4
52 0.470588 0.000000 0.000000 RED5
53 0.352941 0.000000 0.000000 RED6
54 0.235294 0.000000 0.000000 RED7
55 0.117647 0.000000 0.000000 RED8
56 0.000000 0.941176 0.000000 GREEN1
57 0.000000 0.823529 0.000000 GREEN2
58 0.000000 0.705882 0.000000 GREEN3
59 0.000000 0.588235 0.000000 GREEN4
60 0.000000 0.470588 0.000000 GREEN5
61 0.000000 0.352941 0.000000 GREEN6
62 0.000000 0.235294 0.000000 GREEN7
63 0.000000 0.117647 0.000000 GREEN8
64 0.000000 0.000000 0.941176 BLUE1
65 0.000000 0.000000 0.823529 BLUE2
66 0.000000 0.000000 0.705882 BLUE3
67 0.000000 0.000000 0.588235 BLUE4
68 0.000000 0.000000 0.470588 BLUE5
69 0.000000 0.000000 0.352941 BLUE6
70 0.000000 0.000000 0.235294 BLUE7
71 0.000000 0.000000 0.117647 BLUE8
72 0.941176 0.941176 0.941176 GRAY1
73 0.823529 0.823529 0.823529 GRAY2
74 0.705882 0.705882 0.705882 GRAY3
75 0.588235 0.588235 0.588235 GRAY4
76 0.470588 0.470588 0.470588 GRAY5
77 0.352941 0.352941 0.352941 GRAY6
78 0.235294 0.235294 0.235294 GRAY7
79 0.117647 0.117647 0.117647 GRAY8
80 0.941176 0.941176 0.000000 YELLOW1
81 0.823529 0.823529 0.000000 YELLOW2
82 0.705882 0.705882 0.000000 YELLOW3
83 0.588235 0.588235 0.000000 YELLOW4
84 0.470588 0.470588 0.000000 YELLOW5
85 0.352941 0.352941 0.000000 YELLOW6
86 0.235294 0.235294 0.000000 YELLOW7
87 0.117647 0.117647 0.000000 YELLOW8
88 0.941176 0.000000 0.941176 PINK1
89 0.823529 0.000000 0.823529 PINK2
90 0.705882 0.000000 0.705882 PINK3
91 0.588235 0.000000 0.588235 PINK4
92 0.470588 0.000000 0.470588 PINK5
93 0.352941 0.000000 0.352941 PINK6
94 0.235294 0.000000 0.235294 PINK7
95 0.117647 0.000000 0.117647 PINK8
96 0.917647 0.000000 0.000000 RED2
97 0.000000 0.870588 0.286275 SPRINGGREEN3
98 0.286275 0.494118 0.905882 STEELBLUE3
99 0.592157 0.000000 0.643137 MAGENTA3
100 0.054902 0.960784 0.917647 CYAN2
101 0.705882 0.803922 0.796078 LIGHTCYAN3
102 1.000000 0.639216 0.349020 TAN1
103 0.666667 1.000000 0.670588 PALEGREEN1
104 1.000000 0.886275 0.572549 LIGHTGOLDENROD1
105 0.929412 0.929412 0.929412 GREY93
106 0.678431 0.678431 0.678431 GREY68
107 0.478431 0.478431 0.478431 GREY48
108 0.349020 0.349020 0.349020 GREY35
109 0.211765 0.392157 0.549020 STEELBLUE4
110 0.552941 0.396078 0.545098 PLUM4
111 1.000000 0.956863 0.572549 KHAKI1
112 1.000000 0.890196 0.878431 MISTYROSE1
113 0.925490 0.835294 0.819608 MISTYROSE2
114 0.800000 0.721569 0.705882 MISTYROSE3
115 0.552941 0.490196 0.482353 MISTYROSE4
116 0.274510 0.552941 0.443137 AQUAMARINE4
117 0.976471 0.505882 0.450980 SALMON
118 0.549020 0.141176 0.145098 BROWN4
119 0.552941 0.407843 0.082353 GOLDENROD4
120 1.000000 0.976471 0.796078 LEMONCHIFFON1
121 0.929412 0.905882 0.749020 LEMONCHIFFON2
122 0.803922 0.796078 0.650980 LEMONCHIFFON3
123 0.545098 0.541176 0.439216 LEMONCHIFFON4
124 0.800000 0.800000 0.800000 AUTOCAD#9
125 1.000000 0.627451 0.615686 AUTOCAD#11
126 0.917647 0.372549 0.000000 AUTOCAD#12
127 0.890196 0.694118 0.674510 AUTOCAD#13
128 0.835294 0.419608 0.000000 AUTOCAD#14
129 0.788235 0.623529 0.596078 AUTOCAD#15
130 0.760784 0.431373 0.000000 AUTOCAD#16
131 0.631373 0.486275 0.447059 AUTOCAD#17
132 0.619608 0.325490 0.000000 AUTOCAD#18
133 0.549020 0.427451 0.388235 AUTOCAD#19
134 1.000000 0.698039 0.000000 AUTOCAD#30
135 1.000000 0.827451 0.615686 AUTOCAD#31
136 0.898039 0.600000 0.000000 AUTOCAD#32
137 0.890196 0.811765 0.674510 AUTOCAD#33
138 0.850980 0.549020 0.000000 AUTOCAD#34
139 0.788235 0.725490 0.596078 AUTOCAD#35
140 0.698039 0.450980 0.000000 AUTOCAD#36
141 0.631373 0.580392 0.447059 AUTOCAD#37
142 0.600000 0.349020 0.000000 AUTOCAD#38
143 0.549020 0.509804 0.388235 AUTOCAD#39
144 0.992157 1.000000 0.615686 AUTOCAD#51
145 0.901961 0.917647 0.000000 AUTOCAD#52
146 0.878431 0.890196 0.674510 AUTOCAD#53
147 0.811765 0.835294 0.000000 AUTOCAD#54
148 0.768627 0.788235 0.596078 AUTOCAD#55
149 0.721569 0.760784 0.000000 AUTOCAD#56
150 0.603922 0.631373 0.447059 AUTOCAD#57
151 0.564706 0.619608 0.000000 AUTOCAD#58
152 0.517647 0.549020 0.388235 AUTOCAD#59
153 0.698039 1.000000 0.000000 AUTOCAD#70
154 0.807843 1.000000 0.615686 AUTOCAD#71
155 0.721569 0.917647 0.000000 AUTOCAD#72
156 0.776471 0.890196 0.674510 AUTOCAD#73
157 0.635294 0.835294 0.000000 AUTOCAD#74
158 0.678431 0.788235 0.596078 AUTOCAD#75
159 0.552941 0.760784 0.000000 AUTOCAD#76
160 0.513725 0.631373 0.447059 AUTOCAD#77
161 0.380392 0.619608 0.000000 AUTOCAD#78
162 0.439216 0.549020 0.388235 AUTOCAD#79
163 0.615686 1.000000 0.627451 AUTOCAD#91
164 0.000000 0.917647 0.372549 AUTOCAD#92
165 0.674510 0.890196 0.694118 AUTOCAD#93
166 0.000000 0.835294 0.419608 AUTOCAD#94
167 0.596078 0.788235 0.623529 AUTOCAD#95
168 0.000000 0.760784 0.431373 AUTOCAD#96
169 0.447059 0.631373 0.486275 AUTOCAD#97
170 0.000000 0.619608 0.325490 AUTOCAD#98
171 0.388235 0.549020 0.427451 AUTOCAD#99
172 0.615686 1.000000 0.827451 AUTOCAD#111
173 0.000000 0.917647 0.768627 AUTOCAD#112
174 0.674510 0.890196 0.811765 AUTOCAD#113
175 0.000000 0.835294 0.717647 AUTOCAD#114
176 0.596078 0.788235 0.725490 AUTOCAD#115
177 0.000000 0.760784 0.666667 AUTOCAD#116
178 0.447059 0.631373 0.580392 AUTOCAD#117
179 0.000000 0.619608 0.537255 AUTOCAD#118
180 0.388235 0.549020 0.509804 AUTOCAD#119
181 0.615686 0.992157 1.000000 AUTOCAD#131
182 0.000000 0.901961 0.917647 AUTOCAD#132
183 0.674510 0.878431 0.890196 AUTOCAD#133
184 0.000000 0.811765 0.835294 AUTOCAD#134
185 0.596078 0.768627 0.788235 AUTOCAD#135
186 0.000000 0.721569 0.760784 AUTOCAD#136
187 0.447059 0.603922 0.631373 AUTOCAD#137
188 0.000000 0.564706 0.619608 AUTOCAD#138
189 0.388235 0.517647 0.549020 AUTOCAD#139
190 0.000000 0.741176 1.000000 AUTOCAD#150
191 0.650980 0.850980 1.000000 AUTOCAD#151
192 0.000000 0.721569 0.917647 AUTOCAD#152
193 0.674510 0.776471 0.890196 AUTOCAD#153
194 0.000000 0.635294 0.835294 AUTOCAD#154
195 0.596078 0.678431 0.788235 AUTOCAD#155
196 0.000000 0.552941 0.760784 AUTOCAD#156
197 0.447059 0.513725 0.631373 AUTOCAD#157
198 0.000000 0.380392 0.619608 AUTOCAD#158
199 0.388235 0.439216 0.549020 AUTOCAD#159
200 0.627451 0.615686 1.000000 AUTOCAD#171
201 0.372549 0.000000 0.917647 AUTOCAD#172
202 0.694118 0.674510 0.890196 AUTOCAD#173
203 0.419608 0.000000 0.835294 AUTOCAD#174
204 0.623529 0.596078 0.788235 AUTOCAD#175
205 0.431373 0.000000 0.760784 AUTOCAD#176
206 0.486275 0.447059 0.631373 AUTOCAD#177
207 0.325490 0.000000 0.619608 AUTOCAD#178
208 0.427451 0.388235 0.549020 AUTOCAD#179
209 0.650980 0.000000 1.000000 AUTOCAD#190
210 0.827451 0.615686 1.000000 AUTOCAD#191
211 0.639216 0.000000 0.898039 AUTOCAD#192
212 0.811765 0.674510 0.890196 AUTOCAD#193
213 0.631373 0.000000 0.800000 AUTOCAD#194
214 0.725490 0.596078 0.788235 AUTOCAD#195
215 0.619608 0.000000 0.698039 AUTOCAD#196
216 0.580392 0.447059 0.631373 AUTOCAD#197
217 0.611765 0.000000 0.600000 AUTOCAD#198
218 0.509804 0.388235 0.549020 AUTOCAD#199
219 1.000000 0.615686 0.992157 AUTOCAD#211
220 0.917647 0.000000 0.901961 AUTOCAD#212
221 0.890196 0.674510 0.878431 AUTOCAD#213
222 0.835294 0.000000 0.811765 AUTOCAD#214
223 0.788235 0.596078 0.768627 AUTOCAD#215
224 0.760784 0.000000 0.721569 AUTOCAD#216
225 0.631373 0.447059 0.603922 AUTOCAD#217
226 0.619608 0.000000 0.564706 AUTOCAD#218
227 0.549020 0.388235 0.517647 AUTOCAD#219
228 1.000000 0.000000 0.501961 AUTOCAD#230
229 1.000000 0.615686 0.807843 AUTOCAD#231
230 0.917647 0.000000 0.721569 AUTOCAD#232
231 0.890196 0.674510 0.776471 AUTOCAD#233
232 0.835294 0.000000 0.635294 AUTOCAD#234
233 0.788235 0.596078 0.678431 AUTOCAD#235
234 0.760784 0.000000 0.552941 AUTOCAD#236
235 0.631373 0.447059 0.513725 AUTOCAD#237
236 0.619608 0.000000 0.380392 AUTOCAD#238
237 0.549020 0.388235 0.439216 AUTOCAD#239
238 0.400000 0.400000 0.400000 AUTOCAD#250
239 0.521569 0.521569 0.521569 AUTOCAD#251
240 0.639216 0.639216 0.639216 AUTOCAD#252
241 0.760784 0.760784 0.760784 AUTOCAD#253
242 0.858824 0.858824 0.858824 AUTOCAD#254
